# 1st order in 1/M
#  @Article{PhysRevD.60.053003,
#  title = {Angular distribution of neutron inverse beta decay, $\nu{}\ifmmode\bar\else\textasciimacron\fi{}e+p\rightarrow{}e++n$ },
#  author = {Vogel, P.  and Beacom, J. F.},
#  journal = {Phys. Rev. D},
#  volume = {60},
#  number = {5},
#  pages = {053003},
#  numpages = {10},
#  year = {1999},
#  month = {Jul},
#  doi = {10.1103/PhysRevD.60.053003},
#  publisher = {American Physical Society}
#}
-2.7413627172759232   0.   0.   0.   0.0002452869997949   0.   0.
-2.7404841904135178   0.   0.   0.   0.0002987570296033   0.   0.
-2.7396056635511128   0.   0.   0.   0.0003452189002301   0.   0.
-2.7387271366887074   0.   0.   0.   0.0003872182496209   0.   0.
-2.7378486098263020   0.   0.   0.   0.0004260902563308   0.   0.
-2.7369700829638970   0.   0.   0.   0.0004626364672074   0.   0.
-2.7360915561014916   0.   0.   0.   0.0004973816016555   0.   0.
-2.7352130292390862   0.   0.   0.   0.0005306906454248   0.   0.
-2.7343345023766807   0.   0.   0.   0.0005628291687044   0.   0.
-2.7334559755142758   0.   0.   0.   0.0005939972489744   0.   0.
-2.7325774486518704   0.   0.   0.   0.0006243498623044   0.   0.
-2.7316989217894649   0.   0.   0.   0.0006540097995847   0.   0.
-2.7308203949270600   0.   0.   0.   0.0006830762017280   0.   0.
-2.7299418680646546   0.   0.   0.   0.0007116304006300   0.   0.
-2.7290633412022491   0.   0.   0.   0.0007397400357146   0.   0.
-2.7281848143398442   0.   0.   0.   0.0007674620288862   0.   0.
-2.7273062874774388   0.   0.   0.   0.0007948447815826   0.   0.
-2.7264277606150333   0.   0.   0.   0.0008219298283006   0.   0.
-2.7255492337526284   0.   0.   0.   0.0008487531019492   0.   0.
-2.7246707068902229   0.   0.   0.   0.0008753459165830   0.   0.
-2.7237921800278175   0.   0.   0.   0.0009017357407395   0.   0.
-2.7229136531654121   0.   0.   0.   0.0009279468133014   0.   0.
-2.7220351263030071   0.   0.   0.   0.0009540006392174   0.   0.
-2.7211565994406017   0.   0.   0.   0.0009799163924090   0.   0.
-2.7202780725781963   0.   0.   0.   0.0010057112462012   0.   0.
-2.7193995457157913   0.   0.   0.   0.0010314006464920   0.   0.
-2.7185210188533859   0.   0.   0.   0.0010569985393063   0.   0.
-2.7176424919909805   0.   0.   0.   0.0010825175616536   0.   0.
-2.7167639651285755   0.   0.   0.   0.0011079692026345   0.   0.
-2.7158854382661701   0.   0.   0.   0.0011333639402445   0.   0.
-2.7150069114037647   0.   0.   0.   0.0011587113581812   0.   0.
-2.7141283845413593   0.   0.   0.   0.0011840202461156   0.   0.
-2.7132498576789543   0.   0.   0.   0.0012092986861357   0.   0.
-2.7123713308165489   0.   0.   0.   0.0012345541276655   0.   0.
-2.7114928039541435   0.   0.   0.   0.0012597934526220   0.   0.
-2.7106142770917385   0.   0.   0.   0.0012850230323424   0.   0.
-2.7097357502293331   0.   0.   0.   0.0013102487774953   0.   0.
-2.7088572233669277   0.   0.   0.   0.0013354761819939   0.   0.
-2.7079786965045227   0.   0.   0.   0.0013607103617657   0.   0.
-2.7071001696421173   0.   0.   0.   0.0013859560890976   0.   0.
-2.7062216427797119   0.   0.   0.   0.0014112178231378   0.   0.
-2.7053431159173069   0.   0.   0.   0.0014364997370747   0.   0.
-2.7044645890549015   0.   0.   0.   0.0014618057424212   0.   0.
-2.7035860621924961   0.   0.   0.   0.0014871395107622   0.   0.
-2.7027075353300907   0.   0.   0.   0.0015125044932793   0.   0.
-2.7018290084676857   0.   0.   0.   0.0015379039383270   0.   0.
-2.7009504816052803   0.   0.   0.   0.0015633409072943   0.   0.
-2.7000719547428749   0.   0.   0.   0.0015888182889257   0.   0.
-2.6991934278804699   0.   0.   0.   0.0016143388123190   0.   0.
-2.6983149010180645   0.   0.   0.   0.0016399050587021   0.   0.
-2.6974363741556591   0.   0.   0.   0.0016655194721549   0.   0.
-2.6965578472932541   0.   0.   0.   0.0016911843693771   0.   0.
-2.6956793204308487   0.   0.   0.   0.0017169019485976   0.   0.
-2.6948007935684433   0.   0.   0.   0.0017426742977275   0.   0.
-2.6939222667060383   0.   0.   0.   0.0017685034018223   0.   0.
-2.6930437398436329   0.   0.   0.   0.0017943911499209   0.   0.
-2.6921652129812275   0.   0.   0.   0.0018203393413369   0.   0.
-2.6912866861188220   0.   0.   0.   0.0018463496914389   0.   0.
-2.6904081592564171   0.   0.   0.   0.0018724238369843   0.   0.
-2.6895296323940117   0.   0.   0.   0.0018985633410246   0.   0.
-2.6886511055316062   0.   0.   0.   0.0019247696974458   0.   0.
-2.6877725786692013   0.   0.   0.   0.0019510443351727   0.   0.
-2.6868940518067959   0.   0.   0.   0.0019773886220449   0.   0.
-2.6860155249443904   0.   0.   0.   0.0020038038684293   0.   0.
-2.6851369980819855   0.   0.   0.   0.0020302913305567   0.   0.
-2.6842584712195801   0.   0.   0.   0.0020568522136322   0.   0.
-2.6833799443571746   0.   0.   0.   0.0020834876747248   0.   0.
-2.6825014174947697   0.   0.   0.   0.0021101988254557   0.   0.
-2.6816228906323643   0.   0.   0.   0.0021369867345106   0.   0.
-2.6807443637699588   0.   0.   0.   0.0021638524299720   0.   0.
-2.6798658369075534   0.   0.   0.   0.0021907969015123   0.   0.
-2.6789873100451485   0.   0.   0.   0.0022178211024307   0.   0.
-2.6781087831827430   0.   0.   0.   0.0022449259515647   0.   0.
-2.6772302563203376   0.   0.   0.   0.0022721123350779   0.   0.
-2.6763517294579326   0.   0.   0.   0.0022993811081410   0.   0.
-2.6754732025955272   0.   0.   0.   0.0023267330965012   0.   0.
-2.6745946757331218   0.   0.   0.   0.0023541690979558   0.   0.
-2.6737161488707168   0.   0.   0.   0.0023816898837469   0.   0.
-2.6728376220083114   0.   0.   0.   0.0024092961998560   0.   0.
-2.6719590951459060   0.   0.   0.   0.0024369887682350   0.   0.
-2.6710805682835006   0.   0.   0.   0.0024647682879635   0.   0.
-2.6702020414210956   0.   0.   0.   0.0024926354363341   0.   0.
-2.6693235145586902   0.   0.   0.   0.0025205908698773   0.   0.
-2.6684449876962848   0.   0.   0.   0.0025486352253330   0.   0.
-2.6675664608338798   0.   0.   0.   0.0025767691205643   0.   0.
-2.6666879339714744   0.   0.   0.   0.0026049931554153   0.   0.
-2.6658094071090690   0.   0.   0.   0.0026333079125352   0.   0.
-2.6649308802466640   0.   0.   0.   0.0026617139581457   0.   0.
-2.6640523533842586   0.   0.   0.   0.0026902118427739   0.   0.
-2.6631738265218532   0.   0.   0.   0.0027188021019413   0.   0.
-2.6622952996594482   0.   0.   0.   0.0027474852568250   0.   0.
-2.6614167727970428   0.   0.   0.   0.0027762618148737   0.   0.
-2.6605382459346374   0.   0.   0.   0.0028051322704007   0.   0.
-2.6596597190722320   0.   0.   0.   0.0028340971051438   0.   0.
-2.6587811922098270   0.   0.   0.   0.0028631567887939   0.   0.
-2.6579026653474216   0.   0.   0.   0.0028923117795047   0.   0.
-2.6570241384850162   0.   0.   0.   0.0029215625243696   0.   0.
-2.6561456116226112   0.   0.   0.   0.0029509094598817   0.   0.
-2.6552670847602058   0.   0.   0.   0.0029803530123584   0.   0.
-2.6543885578978004   0.   0.   0.   0.0030098935983696   0.   0.
-2.6535100310353954   0.   0.   0.   0.0030395316251223   0.   0.
-2.6526315041729900   0.   0.   0.   0.0030692674908350   0.   0.
-2.6517529773105846   0.   0.   0.   0.0030991015851017   0.   0.
-2.6508744504481792   0.   0.   0.   0.0031290342892287   0.   0.
-2.6499959235857742   0.   0.   0.   0.0031590659765598   0.   0.
-2.6491173967233688   0.   0.   0.   0.0031891970127921   0.   0.
-2.6482388698609634   0.   0.   0.   0.0032194277562659   0.   0.
-2.6473603429985584   0.   0.   0.   0.0032497585582513   0.   0.
-2.6464818161361530   0.   0.   0.   0.0032801897632199   0.   0.
-2.6456032892737475   0.   0.   0.   0.0033107217091020   0.   0.
-2.6447247624113426   0.   0.   0.   0.0033413547275357   0.   0.
-2.6438462355489372   0.   0.   0.   0.0033720891441041   0.   0.
-2.6429677086865317   0.   0.   0.   0.0034029252785580   0.   0.
-2.6420891818241268   0.   0.   0.   0.0034338634450366   0.   0.
-2.6412106549617214   0.   0.   0.   0.0034649039522790   0.   0.
-2.6403321280993159   0.   0.   0.   0.0034960471038149   0.   0.
-2.6394536012369105   0.   0.   0.   0.0035272931981605   0.   0.
-2.6385750743745056   0.   0.   0.   0.0035586425290016   0.   0.
-2.6376965475121001   0.   0.   0.   0.0035900953853675   0.   0.
-2.6368180206496947   0.   0.   0.   0.0036216520518023   0.   0.
-2.6359394937872898   0.   0.   0.   0.0036533128085201   0.   0.
-2.6350609669248843   0.   0.   0.   0.0036850779315709   0.   0.
-2.6341824400624789   0.   0.   0.   0.0037169476929783   0.   0.
-2.6333039132000740   0.   0.   0.   0.0037489223608891   0.   0.
-2.6324253863376685   0.   0.   0.   0.0037810021997106   0.   0.
-2.6315468594752631   0.   0.   0.   0.0038131874702390   0.   0.
-2.6306683326128582   0.   0.   0.   0.0038454784297887   0.   0.
-2.6297898057504527   0.   0.   0.   0.0038778753323189   0.   0.
-2.6289112788880473   0.   0.   0.   0.0039103784285438   0.   0.
-2.6280327520256419   0.   0.   0.   0.0039429879660465   0.   0.
-2.6271542251632369   0.   0.   0.   0.0039757041893974   0.   0.
-2.6262756983008315   0.   0.   0.   0.0040085273402452   0.   0.
-2.6253971714384261   0.   0.   0.   0.0040414576574267   0.   0.
-2.6245186445760211   0.   0.   0.   0.0040744953770630   0.   0.
-2.6236401177136157   0.   0.   0.   0.0041076407326512   0.   0.
-2.6227615908512103   0.   0.   0.   0.0041408939551550   0.   0.
-2.6218830639888053   0.   0.   0.   0.0041742552730932   0.   0.
-2.6210045371263999   0.   0.   0.   0.0042077249126224   0.   0.
-2.6201260102639945   0.   0.   0.   0.0042413030976175   0.   0.
-2.6192474834015895   0.   0.   0.   0.0042749900497547   0.   0.
-2.6183689565391841   0.   0.   0.   0.0043087859885733   0.   0.
-2.6174904296767787   0.   0.   0.   0.0043426911315683   0.   0.
-2.6166119028143733   0.   0.   0.   0.0043767056942443   0.   0.
-2.6157333759519683   0.   0.   0.   0.0044108298901918   0.   0.
-2.6148548490895629   0.   0.   0.   0.0044450639311481   0.   0.
-2.6139763222271575   0.   0.   0.   0.0044794080270615   0.   0.
-2.6130977953647525   0.   0.   0.   0.0045138623861550   0.   0.
-2.6122192685023471   0.   0.   0.   0.0045484272149853   0.   0.
-2.6113407416399417   0.   0.   0.   0.0045831027184956   0.   0.
-2.6104622147775367   0.   0.   0.   0.0046178891000726   0.   0.
-2.6095836879151313   0.   0.   0.   0.0046527865616043   0.   0.
-2.6087051610527259   0.   0.   0.   0.0046877953035270   0.   0.
-2.6078266341903209   0.   0.   0.   0.0047229155248738   0.   0.
-2.6069481073279155   0.   0.   0.   0.0047581474233284   0.   0.
-2.6060695804655101   0.   0.   0.   0.0047934911952656   0.   0.
-2.6051910536031047   0.   0.   0.   0.0048289470358034   0.   0.
-2.6043125267406997   0.   0.   0.   0.0048645151388411   0.   0.
-2.6034339998782943   0.   0.   0.   0.0049001956971049   0.   0.
-2.6025554730158889   0.   0.   0.   0.0049359889021879   0.   0.
-2.6016769461534839   0.   0.   0.   0.0049718949445881   0.   0.
-2.6007984192910785   0.   0.   0.   0.0050079140137530   0.   0.
-2.5999198924286731   0.   0.   0.   0.0050440462981093   0.   0.
-2.5990413655662681   0.   0.   0.   0.0050802919851056   0.   0.
-2.5981628387038627   0.   0.   0.   0.0051166512612423   0.   0.
-2.5972843118414572   0.   0.   0.   0.0051531243121065   0.   0.
-2.5964057849790523   0.   0.   0.   0.0051897113224122   0.   0.
-2.5955272581166469   0.   0.   0.   0.0052264124760230   0.   0.
-2.5946487312542414   0.   0.   0.   0.0052632279559868   0.   0.
-2.5937702043918360   0.   0.   0.   0.0053001579445658   0.   0.
-2.5928916775294311   0.   0.   0.   0.0053372026232690   0.   0.
-2.5920131506670256   0.   0.   0.   0.0053743621728744   0.   0.
-2.5911346238046202   0.   0.   0.   0.0054116367734611   0.   0.
-2.5902560969422153   0.   0.   0.   0.0054490266044345   0.   0.
-2.5893775700798098   0.   0.   0.   0.0054865318445518   0.   0.
-2.5884990432174044   0.   0.   0.   0.0055241526719494   0.   0.
-2.5876205163549995   0.   0.   0.   0.0055618892641650   0.   0.
-2.5867419894925940   0.   0.   0.   0.0055997417981644   0.   0.
-2.5858634626301886   0.   0.   0.   0.0056377104503576   0.   0.
-2.5849849357677837   0.   0.   0.   0.0056757953966316   0.   0.
-2.5841064089053782   0.   0.   0.   0.0057139968123643   0.   0.
-2.5832278820429728   0.   0.   0.   0.0057523148724502   0.   0.
-2.5823493551805674   0.   0.   0.   0.0057907497513152   0.   0.
-2.5814708283181624   0.   0.   0.   0.0058293016229453   0.   0.
-2.5805923014557570   0.   0.   0.   0.0058679706609020   0.   0.
-2.5797137745933516   0.   0.   0.   0.0059067570383338   0.   0.
-2.5788352477309466   0.   0.   0.   0.0059456609280080   0.   0.
-2.5779567208685412   0.   0.   0.   0.0059846825023229   0.   0.
-2.5770781940061358   0.   0.   0.   0.0060238219333197   0.   0.
-2.5761996671437308   0.   0.   0.   0.0060630793927081   0.   0.
-2.5753211402813254   0.   0.   0.   0.0061024550518798   0.   0.
-2.5744426134189200   0.   0.   0.   0.0061419490819189   0.   0.
-2.5735640865565146   0.   0.   0.   0.0061815616536311   0.   0.
-2.5726855596941096   0.   0.   0.   0.0062212929375438   0.   0.
-2.5718070328317042   0.   0.   0.   0.0062611431039297   0.   0.
-2.5709285059692988   0.   0.   0.   0.0063011123228222   0.   0.
-2.5700499791068938   0.   0.   0.   0.0063412007640212   0.   0.
-2.5691714522444884   0.   0.   0.   0.0063814085971173   0.   0.
-2.5682929253820830   0.   0.   0.   0.0064217359914967   0.   0.
-2.5674143985196780   0.   0.   0.   0.0064621831163612   0.   0.
-2.5665358716572726   0.   0.   0.   0.0065027501407353   0.   0.
-2.5656573447948672   0.   0.   0.   0.0065434372334788   0.   0.
-2.5647788179324618   0.   0.   0.   0.0065842445633047   0.   0.
-2.5639002910700568   0.   0.   0.   0.0066251722987855   0.   0.
-2.5630217642076514   0.   0.   0.   0.0066662206083654   0.   0.
-2.5621432373452460   0.   0.   0.   0.0067073896603741   0.   0.
-2.5612647104828410   0.   0.   0.   0.0067486796230328   0.   0.
-2.5603861836204356   0.   0.   0.   0.0067900906644716   0.   0.
-2.5595076567580302   0.   0.   0.   0.0068316229527345   0.   0.
-2.5586291298956252   0.   0.   0.   0.0068732766557900   0.   0.
-2.5577506030332198   0.   0.   0.   0.0069150519415458   0.   0.
-2.5568720761708144   0.   0.   0.   0.0069569489778496   0.   0.
-2.5559935493084094   0.   0.   0.   0.0069989679325081   0.   0.
-2.5551150224460040   0.   0.   0.   0.0070411089732926   0.   0.
-2.5542364955835986   0.   0.   0.   0.0070833722679416   0.   0.
-2.5533579687211931   0.   0.   0.   0.0071257579841797   0.   0.
-2.5524794418587882   0.   0.   0.   0.0071682662897207   0.   0.
-2.5516009149963828   0.   0.   0.   0.0072108973522765   0.   0.
-2.5507223881339773   0.   0.   0.   0.0072536513395626   0.   0.
-2.5498438612715724   0.   0.   0.   0.0072965284193157   0.   0.
-2.5489653344091669   0.   0.   0.   0.0073395287592882   0.   0.
-2.5480868075467615   0.   0.   0.   0.0073826525272640   0.   0.
-2.5472082806843566   0.   0.   0.   0.0074258998910660   0.   0.
-2.5463297538219511   0.   0.   0.   0.0074692710185601   0.   0.
-2.5454512269595457   0.   0.   0.   0.0075127660776630   0.   0.
-2.5445727000971408   0.   0.   0.   0.0075563852363508   0.   0.
-2.5436941732347353   0.   0.   0.   0.0076001286626621   0.   0.
-2.5428156463723299   0.   0.   0.   0.0076439965247117   0.   0.
-2.5419371195099245   0.   0.   0.   0.0076879889906901   0.   0.
-2.5410585926475195   0.   0.   0.   0.0077321062288698   0.   0.
-2.5401800657851141   0.   0.   0.   0.0077763484076177   0.   0.
-2.5393015389227087   0.   0.   0.   0.0078207156953935   0.   0.
-2.5384230120603037   0.   0.   0.   0.0078652082607641   0.   0.
-2.5375444851978983   0.   0.   0.   0.0079098262723981   0.   0.
-2.5366659583354929   0.   0.   0.   0.0079545698990841   0.   0.
-2.5357874314730879   0.   0.   0.   0.0079994393097252   0.   0.
-2.5349089046106825   0.   0.   0.   0.0080444346733522   0.   0.
-2.5340303777482771   0.   0.   0.   0.0080895561591249   0.   0.
-2.5331518508858721   0.   0.   0.   0.0081348039363358   0.   0.
-2.5322733240234667   0.   0.   0.   0.0081801781744223   0.   0.
-2.5313947971610613   0.   0.   0.   0.0082256790429618   0.   0.
-2.5305162702986559   0.   0.   0.   0.0082713067116829   0.   0.
-2.5296377434362509   0.   0.   0.   0.0083170613504718   0.   0.
-2.5287592165738455   0.   0.   0.   0.0083629431293681   0.   0.
-2.5278806897114401   0.   0.   0.   0.0084089522185814   0.   0.
-2.5270021628490351   0.   0.   0.   0.0084550887884833   0.   0.
-2.5261236359866297   0.   0.   0.   0.0085013530096221   0.   0.
-2.5252451091242243   0.   0.   0.   0.0085477450527207   0.   0.
-2.5243665822618193   0.   0.   0.   0.0085942650886819   0.   0.
-2.5234880553994139   0.   0.   0.   0.0086409132885957   0.   0.
-2.5226095285370085   0.   0.   0.   0.0086876898237398   0.   0.
-2.5217310016746035   0.   0.   0.   0.0087345948655824   0.   0.
-2.5208524748121981   0.   0.   0.   0.0087816285857918   0.   0.
-2.5199739479497927   0.   0.   0.   0.0088287911562330   0.   0.
-2.5190954210873873   0.   0.   0.   0.0088760827489791   0.   0.
-2.5182168942249823   0.   0.   0.   0.0089235035363051   0.   0.
-2.5173383673625769   0.   0.   0.   0.0089710536907000   0.   0.
-2.5164598405001715   0.   0.   0.   0.0090187333848678   0.   0.
-2.5155813136377665   0.   0.   0.   0.0090665427917291   0.   0.
-2.5147027867753611   0.   0.   0.   0.0091144820844262   0.   0.
-2.5138242599129557   0.   0.   0.   0.0091625514363243   0.   0.
-2.5129457330505507   0.   0.   0.   0.0092107510210158   0.   0.
-2.5120672061881453   0.   0.   0.   0.0092590810123266   0.   0.
-2.5111886793257399   0.   0.   0.   0.0093075415843121   0.   0.
-2.5103101524633349   0.   0.   0.   0.0093561329112678   0.   0.
-2.5094316256009295   0.   0.   0.   0.0094048551677256   0.   0.
-2.5085530987385241   0.   0.   0.   0.0094537085284609   0.   0.
-2.5076745718761186   0.   0.   0.   0.0095026931684966   0.   0.
-2.5067960450137137   0.   0.   0.   0.0095518092630987   0.   0.
-2.5059175181513083   0.   0.   0.   0.0096010569877878   0.   0.
-2.5050389912889028   0.   0.   0.   0.0096504365183353   0.   0.
-2.5041604644264979   0.   0.   0.   0.0096999480307697   0.   0.
-2.5032819375640925   0.   0.   0.   0.0097495917013774   0.   0.
-2.5024034107016870   0.   0.   0.   0.0097993677067059   0.   0.
-2.5015248838392821   0.   0.   0.   0.0098492762235649   0.   0.
-2.5006463569768766   0.   0.   0.   0.0098993174290312   0.   0.
-2.4997678301144712   0.   0.   0.   0.0099494915004484   0.   0.
-2.4988893032520663   0.   0.   0.   0.0099997986154318   0.   0.
-2.4980107763896608   0.   0.   0.   0.0100502389518677   0.   0.
-2.4971322495272554   0.   0.   0.   0.0101008126879198   0.   0.
-2.4962537226648500   0.   0.   0.   0.0101515200020245   0.   0.
-2.4953751958024450   0.   0.   0.   0.0102023610729009   0.   0.
-2.4944966689400396   0.   0.   0.   0.0102533360795499   0.   0.
-2.4936181420776342   0.   0.   0.   0.0103044452012523   0.   0.
-2.4927396152152292   0.   0.   0.   0.0103556886175773   0.   0.
-2.4918610883528238   0.   0.   0.   0.0104070665083791   0.   0.
-2.4909825614904184   0.   0.   0.   0.0104585790538040   0.   0.
-2.4901040346280130   0.   0.   0.   0.0105102264342857   0.   0.
-2.4892255077656080   0.   0.   0.   0.0105620088305537   0.   0.
-2.4883469809032026   0.   0.   0.   0.0106139264236314   0.   0.
-2.4874684540407976   0.   0.   0.   0.0106659793948408   0.   0.
-2.4865899271783922   0.   0.   0.   0.0107181679257985   0.   0.
-2.4857114003159868   0.   0.   0.   0.0107704921984248   0.   0.
-2.4848328734535814   0.   0.   0.   0.0108229523949406   0.   0.
-2.4839543465911764   0.   0.   0.   0.0108755486978702   0.   0.
-2.4830758197287710   0.   0.   0.   0.0109282812900433   0.   0.
-2.4821972928663656   0.   0.   0.   0.0109811503545956   0.   0.
-2.4813187660039606   0.   0.   0.   0.0110341560749741   0.   0.
-2.4804402391415552   0.   0.   0.   0.0110872986349315   0.   0.
-2.4795617122791498   0.   0.   0.   0.0111405782185366   0.   0.
-2.4786831854167444   0.   0.   0.   0.0111939950101676   0.   0.
-2.4778046585543394   0.   0.   0.   0.0112475491945195   0.   0.
-2.4769261316919340   0.   0.   0.   0.0113012409566020   0.   0.
-2.4760476048295286   0.   0.   0.   0.0113550704817415   0.   0.
-2.4751690779671236   0.   0.   0.   0.0114090379555861   0.   0.
-2.4742905511047182   0.   0.   0.   0.0114631435641020   0.   0.
-2.4734120242423128   0.   0.   0.   0.0115173874935765   0.   0.
-2.4725334973799078   0.   0.   0.   0.0115717699306195   0.   0.
-2.4716549705175024   0.   0.   0.   0.0116262910621680   0.   0.
-2.4707764436550970   0.   0.   0.   0.0116809510754817   0.   0.
-2.4698979167926920   0.   0.   0.   0.0117357501581465   0.   0.
-2.4690193899302866   0.   0.   0.   0.0117906884980783   0.   0.
-2.4681408630678812   0.   0.   0.   0.0118457662835206   0.   0.
-2.4672623362054757   0.   0.   0.   0.0119009837030484   0.   0.
-2.4663838093430708   0.   0.   0.   0.0119563409455674   0.   0.
-2.4655052824806654   0.   0.   0.   0.0120118382003144   0.   0.
-2.4646267556182599   0.   0.   0.   0.0120674756568643   0.   0.
-2.4637482287558550   0.   0.   0.   0.0121232535051219   0.   0.
-2.4628697018934496   0.   0.   0.   0.0121791719353328   0.   0.
-2.4619911750310441   0.   0.   0.   0.0122352311380743   0.   0.
-2.4611126481686392   0.   0.   0.   0.0122914313042654   0.   0.
-2.4602341213062338   0.   0.   0.   0.0123477726251647   0.   0.
-2.4593555944438283   0.   0.   0.   0.0124042552923681   0.   0.
-2.4584770675814234   0.   0.   0.   0.0124608794978140   0.   0.
-2.4575985407190180   0.   0.   0.   0.0125176454337843   0.   0.
-2.4567200138566125   0.   0.   0.   0.0125745532929011   0.   0.
-2.4558414869942071   0.   0.   0.   0.0126316032681324   0.   0.
-2.4549629601318022   0.   0.   0.   0.0126887955527919   0.   0.
-2.4540844332693967   0.   0.   0.   0.0127461303405371   0.   0.
-2.4532059064069913   0.   0.   0.   0.0128036078253737   0.   0.
-2.4523273795445863   0.   0.   0.   0.0128612282016553   0.   0.
-2.4514488526821809   0.   0.   0.   0.0129189916640803   0.   0.
-2.4505703258197755   0.   0.   0.   0.0129768984077022   0.   0.
-2.4496917989573705   0.   0.   0.   0.0130349486279211   0.   0.
-2.4488132720949651   0.   0.   0.   0.0130931425204877   0.   0.
-2.4479347452325597   0.   0.   0.   0.0131514802815079   0.   0.
-2.4470562183701547   0.   0.   0.   0.0132099621074360   0.   0.
-2.4461776915077493   0.   0.   0.   0.0132685881950825   0.   0.
-2.4452991646453439   0.   0.   0.   0.0133273587416107   0.   0.
-2.4444206377829385   0.   0.   0.   0.0133862739445405   0.   0.
-2.4435421109205335   0.   0.   0.   0.0134453340017454   0.   0.
-2.4426635840581281   0.   0.   0.   0.0135045391114553   0.   0.
-2.4417850571957227   0.   0.   0.   0.0135638894722593   0.   0.
-2.4409065303333177   0.   0.   0.   0.0136233852831018   0.   0.
-2.4400280034709123   0.   0.   0.   0.0136830267432871   0.   0.
-2.4391494766085069   0.   0.   0.   0.0137428140524782   0.   0.
-2.4382709497461019   0.   0.   0.   0.0138027474106988   0.   0.
-2.4373924228836965   0.   0.   0.   0.0138628270183311   0.   0.
-2.4365138960212911   0.   0.   0.   0.0139230530761198   0.   0.
-2.4356353691588857   0.   0.   0.   0.0139834257851724   0.   0.
-2.4347568422964807   0.   0.   0.   0.0140439453469553   0.   0.
-2.4338783154340753   0.   0.   0.   0.0141046119633000   0.   0.
-2.4329997885716699   0.   0.   0.   0.0141654258364028   0.   0.
-2.4321212617092649   0.   0.   0.   0.0142263871688221   0.   0.
-2.4312427348468595   0.   0.   0.   0.0142874961634801   0.   0.
-2.4303642079844541   0.   0.   0.   0.0143487530236674   0.   0.
-2.4294856811220491   0.   0.   0.   0.0144101579530375   0.   0.
-2.4286071542596437   0.   0.   0.   0.0144717111556127   0.   0.
-2.4277286273972383   0.   0.   0.   0.0145334128357792   0.   0.
-2.4268501005348329   0.   0.   0.   0.0145952631982940   0.   0.
-2.4259715736724279   0.   0.   0.   0.0146572624482779   0.   0.
-2.4250930468100225   0.   0.   0.   0.0147194107912231   0.   0.
-2.4242145199476175   0.   0.   0.   0.0147817084329922   0.   0.
-2.4233359930852121   0.   0.   0.   0.0148441555798111   0.   0.
-2.4224574662228067   0.   0.   0.   0.0149067524382822   0.   0.
-2.4215789393604013   0.   0.   0.   0.0149694992153737   0.   0.
-2.4207004124979963   0.   0.   0.   0.0150323961184274   0.   0.
-2.4198218856355909   0.   0.   0.   0.0150954433551530   0.   0.
-2.4189433587731854   0.   0.   0.   0.0151586411336364   0.   0.
-2.4180648319107805   0.   0.   0.   0.0152219896623312   0.   0.
-2.4171863050483751   0.   0.   0.   0.0152854891500654   0.   0.
-2.4163077781859696   0.   0.   0.   0.0153491398060405   0.   0.
-2.4154292513235647   0.   0.   0.   0.0154129418398289   0.   0.
-2.4145507244611593   0.   0.   0.   0.0154768954613805   0.   0.
-2.4136721975987538   0.   0.   0.   0.0155410008810155   0.   0.
-2.4127936707363484   0.   0.   0.   0.0156052583094300   0.   0.
-2.4119151438739435   0.   0.   0.   0.0156696679576960   0.   0.
-2.4110366170115380   0.   0.   0.   0.0157342300372587   0.   0.
-2.4101580901491326   0.   0.   0.   0.0157989447599395   0.   0.
-2.4092795632867277   0.   0.   0.   0.0158638123379372   0.   0.
-2.4084010364243222   0.   0.   0.   0.0159288329838244   0.   0.
-2.4075225095619168   0.   0.   0.   0.0159940069105506   0.   0.
-2.4066439826995119   0.   0.   0.   0.0160593343314446   0.   0.
-2.4057654558371064   0.   0.   0.   0.0161248154602100   0.   0.
-2.4048869289747010   0.   0.   0.   0.0161904505109274   0.   0.
-2.4040084021122956   0.   0.   0.   0.0162562396980577   0.   0.
-2.4031298752498906   0.   0.   0.   0.0163221832364376   0.   0.
-2.4022513483874852   0.   0.   0.   0.0163882813412834   0.   0.
-2.4013728215250802   0.   0.   0.   0.0164545342281886   0.   0.
-2.4004942946626748   0.   0.   0.   0.0165209421131272   0.   0.
-2.3996157678002694   0.   0.   0.   0.0165875052124532   0.   0.
-2.3987372409378640   0.   0.   0.   0.0166542237428950   0.   0.
-2.3978587140754590   0.   0.   0.   0.0167210979215678   0.   0.
-2.3969801872130536   0.   0.   0.   0.0167881279659616   0.   0.
-2.3961016603506482   0.   0.   0.   0.0168553140939475   0.   0.
-2.3952231334882432   0.   0.   0.   0.0169226565237781   0.   0.
-2.3943446066258378   0.   0.   0.   0.0169901554740869   0.   0.
-2.3934660797634324   0.   0.   0.   0.0170578111638870   0.   0.
-2.3925875529010270   0.   0.   0.   0.0171256238125714   0.   0.
-2.3917090260386220   0.   0.   0.   0.0171935936399166   0.   0.
-2.3908304991762166   0.   0.   0.   0.0172617208660812   0.   0.
-2.3899519723138112   0.   0.   0.   0.0173300057116027   0.   0.
-2.3890734454514062   0.   0.   0.   0.0173984483974025   0.   0.
-2.3881949185890008   0.   0.   0.   0.0174670491447822   0.   0.
-2.3873163917265954   0.   0.   0.   0.0175358081754263   0.   0.
-2.3864378648641904   0.   0.   0.   0.0176047257114039   0.   0.
-2.3855593380017850   0.   0.   0.   0.0176738019751628   0.   0.
-2.3846808111393796   0.   0.   0.   0.0177430371895364   0.   0.
-2.3838022842769746   0.   0.   0.   0.0178124315777389   0.   0.
-2.3829237574145692   0.   0.   0.   0.0178819853633687   0.   0.
-2.3820452305521638   0.   0.   0.   0.0179516987704078   0.   0.
-2.3811667036897584   0.   0.   0.   0.0180215720232185   0.   0.
-2.3802881768273534   0.   0.   0.   0.0180916053465495   0.   0.
-2.3794096499649480   0.   0.   0.   0.0181617989655321   0.   0.
-2.3785311231025426   0.   0.   0.   0.0182321531056813   0.   0.
-2.3776525962401376   0.   0.   0.   0.0183026679928949   0.   0.
-2.3767740693777322   0.   0.   0.   0.0183733438534545   0.   0.
-2.3758955425153268   0.   0.   0.   0.0184441809140273   0.   0.
-2.3750170156529218   0.   0.   0.   0.0185151794016619   0.   0.
-2.3741384887905164   0.   0.   0.   0.0185863395437942   0.   0.
-2.3732599619281110   0.   0.   0.   0.0186576615682411   0.   0.
-2.3723814350657060   0.   0.   0.   0.0187291457032048   0.   0.
-2.3715029082033006   0.   0.   0.   0.0188007921772733   0.   0.
-2.3706243813408951   0.   0.   0.   0.0188726012194158   0.   0.
-2.3697458544784897   0.   0.   0.   0.0189445730589901   0.   0.
-2.3688673276160848   0.   0.   0.   0.0190167079257333   0.   0.
-2.3679888007536793   0.   0.   0.   0.0190890060497727   0.   0.
-2.3671102738912739   0.   0.   0.   0.0191614676616153   0.   0.
-2.3662317470288690   0.   0.   0.   0.0192340929921557   0.   0.
-2.3653532201664635   0.   0.   0.   0.0193068822726703   0.   0.
-2.3644746933040581   0.   0.   0.   0.0193798357348251   0.   0.
-2.3635961664416527   0.   0.   0.   0.0194529536106643   0.   0.
-2.3627176395792477   0.   0.   0.   0.0195262361326215   0.   0.
-2.3618391127168423   0.   0.   0.   0.0195996835335145   0.   0.
-2.3609605858544374   0.   0.   0.   0.0196732960465437   0.   0.
-2.3600820589920319   0.   0.   0.   0.0197470739052949   0.   0.
-2.3592035321296265   0.   0.   0.   0.0198210173437405   0.   0.
-2.3583250052672211   0.   0.   0.   0.0198951265962351   0.   0.
-2.3574464784048161   0.   0.   0.   0.0199694018975196   0.   0.
-2.3565679515424107   0.   0.   0.   0.0200438434827184   0.   0.
-2.3556894246800053   0.   0.   0.   0.0201184515873414   0.   0.
-2.3548108978176003   0.   0.   0.   0.0201932264472828   0.   0.
-2.3539323709551949   0.   0.   0.   0.0202681682988222   0.   0.
-2.3530538440927895   0.   0.   0.   0.0203432773786206   0.   0.
-2.3521753172303845   0.   0.   0.   0.0204185539237286   0.   0.
-2.3512967903679791   0.   0.   0.   0.0204939981715759   0.   0.
-2.3504182635055737   0.   0.   0.   0.0205696103599802   0.   0.
-2.3495397366431683   0.   0.   0.   0.0206453907271423   0.   0.
-2.3486612097807633   0.   0.   0.   0.0207213395116466   0.   0.
-2.3477826829183579   0.   0.   0.   0.0207974569524630   0.   0.
-2.3469041560559525   0.   0.   0.   0.0208737432889451   0.   0.
-2.3460256291935475   0.   0.   0.   0.0209501987608292   0.   0.
-2.3451471023311421   0.   0.   0.   0.0210268236082385   0.   0.
-2.3442685754687367   0.   0.   0.   0.0211036180716749   0.   0.
-2.3433900486063317   0.   0.   0.   0.0211805823920294   0.   0.
-2.3425115217439263   0.   0.   0.   0.0212577168105741   0.   0.
-2.3416329948815209   0.   0.   0.   0.0213350215689643   0.   0.
-2.3407544680191155   0.   0.   0.   0.0214124969092419   0.   0.
-2.3398759411567105   0.   0.   0.   0.0214901430738267   0.   0.
-2.3389974142943051   0.   0.   0.   0.0215679603055262   0.   0.
-2.3381188874319001   0.   0.   0.   0.0216459488475281   0.   0.
-2.3372403605694947   0.   0.   0.   0.0217241089434058   0.   0.
-2.3363618337070893   0.   0.   0.   0.0218024408371124   0.   0.
-2.3354833068446839   0.   0.   0.   0.0218809447729863   0.   0.
-2.3346047799822789   0.   0.   0.   0.0219596209957469   0.   0.
-2.3337262531198735   0.   0.   0.   0.0220384697504967   0.   0.
-2.3328477262574681   0.   0.   0.   0.0221174912827200   0.   0.
-2.3319691993950631   0.   0.   0.   0.0221966858382838   0.   0.
-2.3310906725326577   0.   0.   0.   0.0222760536634354   0.   0.
-2.3302121456702523   0.   0.   0.   0.0223555950048041   0.   0.
-2.3293336188078473   0.   0.   0.   0.0224353101094027   0.   0.
-2.3284550919454419   0.   0.   0.   0.0225151992246239   0.   0.
-2.3275765650830365   0.   0.   0.   0.0225952625982420   0.   0.
-2.3266980382206310   0.   0.   0.   0.0226755004784110   0.   0.
-2.3258195113582261   0.   0.   0.   0.0227559131136676   0.   0.
-2.3249409844958207   0.   0.   0.   0.0228365007529283   0.   0.
-2.3240624576334152   0.   0.   0.   0.0229172636454892   0.   0.
-2.3231839307710103   0.   0.   0.   0.0229982020410267   0.   0.
-2.3223054039086048   0.   0.   0.   0.0230793161895994   0.   0.
-2.3214268770461994   0.   0.   0.   0.0231606063416417   0.   0.
-2.3205483501837945   0.   0.   0.   0.0232420727479708   0.   0.
-2.3196698233213890   0.   0.   0.   0.0233237156597828   0.   0.
-2.3187912964589836   0.   0.   0.   0.0234055353286507   0.   0.
-2.3179127695965782   0.   0.   0.   0.0234875320065274   0.   0.
-2.3170342427341732   0.   0.   0.   0.0235697059457465   0.   0.
-2.3161557158717678   0.   0.   0.   0.0236520573990158   0.   0.
-2.3152771890093624   0.   0.   0.   0.0237345866194252   0.   0.
-2.3143986621469574   0.   0.   0.   0.0238172938604399   0.   0.
-2.3135201352845520   0.   0.   0.   0.0239001793759033   0.   0.
-2.3126416084221466   0.   0.   0.   0.0239832434200354   0.   0.
-2.3117630815597416   0.   0.   0.   0.0240664862474352   0.   0.
-2.3108845546973362   0.   0.   0.   0.0241499081130755   0.   0.
-2.3100060278349308   0.   0.   0.   0.0242335092723072   0.   0.
-2.3091275009725258   0.   0.   0.   0.0243172899808582   0.   0.
-2.3082489741101204   0.   0.   0.   0.0244012504948296   0.   0.
-2.3073704472477150   0.   0.   0.   0.0244853910707013   0.   0.
-2.3064919203853096   0.   0.   0.   0.0245697119653246   0.   0.
-2.3056133935229046   0.   0.   0.   0.0246542134359298   0.   0.
-2.3047348666604992   0.   0.   0.   0.0247388957401190   0.   0.
-2.3038563397980938   0.   0.   0.   0.0248237591358694   0.   0.
-2.3029778129356888   0.   0.   0.   0.0249088038815313   0.   0.
-2.3020992860732834   0.   0.   0.   0.0249940302358305   0.   0.
-2.3012207592108780   0.   0.   0.   0.0250794384578645   0.   0.
-2.3003422323484730   0.   0.   0.   0.0251650288071036   0.   0.
-2.2994637054860676   0.   0.   0.   0.0252508015433922   0.   0.
-2.2985851786236622   0.   0.   0.   0.0253367569269462   0.   0.
-2.2977066517612572   0.   0.   0.   0.0254228952183518   0.   0.
-2.2968281248988518   0.   0.   0.   0.0255092166785698   0.   0.
-2.2959495980364464   0.   0.   0.   0.0255957215689277   0.   0.
-2.2950710711740410   0.   0.   0.   0.0256824101511304   0.   0.
-2.2941925443116360   0.   0.   0.   0.0257692826872451   0.   0.
-2.2933140174492306   0.   0.   0.   0.0258563394397174   0.   0.
-2.2924354905868252   0.   0.   0.   0.0259435806713548   0.   0.
-2.2915569637244202   0.   0.   0.   0.0260310066453382   0.   0.
-2.2906784368620148   0.   0.   0.   0.0261186176252192   0.   0.
-2.2897999099996094   0.   0.   0.   0.0262064138749114   0.   0.
-2.2889213831372044   0.   0.   0.   0.0262943956587030   0.   0.
-2.2880428562747990   0.   0.   0.   0.0263825632412456   0.   0.
-2.2871643294123936   0.   0.   0.   0.0264709168875597   0.   0.
-2.2862858025499886   0.   0.   0.   0.0265594568630336   0.   0.
-2.2854072756875832   0.   0.   0.   0.0266481834334179   0.   0.
-2.2845287488251778   0.   0.   0.   0.0267370968648337   0.   0.
-2.2836502219627723   0.   0.   0.   0.0268261974237633   0.   0.
-2.2827716951003674   0.   0.   0.   0.0269154853770588   0.   0.
-2.2818931682379620   0.   0.   0.   0.0270049609919337   0.   0.
-2.2810146413755565   0.   0.   0.   0.0270946245359634   0.   0.
-2.2801361145131516   0.   0.   0.   0.0271844762770928   0.   0.
-2.2792575876507462   0.   0.   0.   0.0272745164836238   0.   0.
-2.2783790607883407   0.   0.   0.   0.0273647454242254   0.   0.
-2.2775005339259353   0.   0.   0.   0.0274551633679268   0.   0.
-2.2766220070635304   0.   0.   0.   0.0275457705841186   0.   0.
-2.2757434802011249   0.   0.   0.   0.0276365673425539   0.   0.
-2.2748649533387200   0.   0.   0.   0.0277275539133451   0.   0.
-2.2739864264763145   0.   0.   0.   0.0278187305669652   0.   0.
-2.2731078996139091   0.   0.   0.   0.0279100975742469   0.   0.
-2.2722293727515037   0.   0.   0.   0.0280016552063829   0.   0.
-2.2713508458890987   0.   0.   0.   0.0280934037349227   0.   0.
-2.2704723190266933   0.   0.   0.   0.0281853434317753   0.   0.
-2.2695937921642879   0.   0.   0.   0.0282774745692063   0.   0.
-2.2687152653018829   0.   0.   0.   0.0283697974198399   0.   0.
-2.2678367384394775   0.   0.   0.   0.0284623122566545   0.   0.
-2.2669582115770721   0.   0.   0.   0.0285550193529860   0.   0.
-2.2660796847146671   0.   0.   0.   0.0286479189825257   0.   0.
-2.2652011578522617   0.   0.   0.   0.0287410114193181   0.   0.
-2.2643226309898563   0.   0.   0.   0.0288342969377633   0.   0.
-2.2634441041274509   0.   0.   0.   0.0289277758126149   0.   0.
-2.2625655772650459   0.   0.   0.   0.0290214483189790   0.   0.
-2.2616870504026405   0.   0.   0.   0.0291153147323149   0.   0.
-2.2608085235402351   0.   0.   0.   0.0292093753284331   0.   0.
-2.2599299966778301   0.   0.   0.   0.0293036303834952   0.   0.
-2.2590514698154247   0.   0.   0.   0.0293980801740143   0.   0.
-2.2581729429530193   0.   0.   0.   0.0294927249768535   0.   0.
-2.2572944160906143   0.   0.   0.   0.0295875650692236   0.   0.
-2.2564158892282089   0.   0.   0.   0.0296826007286853   0.   0.
-2.2555373623658035   0.   0.   0.   0.0297778322331500   0.   0.
-2.2546588355033981   0.   0.   0.   0.0298732598608713   0.   0.
-2.2537803086409931   0.   0.   0.   0.0299688838904539   0.   0.
-2.2529017817785877   0.   0.   0.   0.0300647046008481   0.   0.
-2.2520232549161827   0.   0.   0.   0.0301607222713470   0.   0.
-2.2511447280537773   0.   0.   0.   0.0302569371815933   0.   0.
-2.2502662011913719   0.   0.   0.   0.0303533496115692   0.   0.
-2.2493876743289665   0.   0.   0.   0.0304499598416038   0.   0.
-2.2485091474665615   0.   0.   0.   0.0305467681523667   0.   0.
-2.2476306206041561   0.   0.   0.   0.0306437748248717   0.   0.
-2.2467520937417507   0.   0.   0.   0.0307409801404726   0.   0.
-2.2458735668793457   0.   0.   0.   0.0308383843808652   0.   0.
-2.2449950400169403   0.   0.   0.   0.0309359878280834   0.   0.
-2.2441165131545349   0.   0.   0.   0.0310337907645038   0.   0.
-2.2432379862921294   0.   0.   0.   0.0311317934728374   0.   0.
-2.2423594594297245   0.   0.   0.   0.0312299962361359   0.   0.
-2.2414809325673191   0.   0.   0.   0.0313283993377881   0.   0.
-2.2406024057049136   0.   0.   0.   0.0314270030615191   0.   0.
-2.2397238788425087   0.   0.   0.   0.0315258076913878   0.   0.
-2.2388453519801033   0.   0.   0.   0.0316248135117903   0.   0.
-2.2379668251176978   0.   0.   0.   0.0317240208074562   0.   0.
-2.2370882982552924   0.   0.   0.   0.0318234298634478   0.   0.
-2.2362097713928875   0.   0.   0.   0.0319230409651610   0.   0.
-2.2353312445304820   0.   0.   0.   0.0320228543983223   0.   0.
-2.2344527176680771   0.   0.   0.   0.0321228704489897   0.   0.
-2.2335741908056717   0.   0.   0.   0.0322230894035526   0.   0.
-2.2326956639432662   0.   0.   0.   0.0323235115487285   0.   0.
-2.2318171370808608   0.   0.   0.   0.0324241371715630   0.   0.
-2.2309386102184559   0.   0.   0.   0.0325249665594324   0.   0.
-2.2300600833560504   0.   0.   0.   0.0326260000000370   0.   0.
-2.2291815564936455   0.   0.   0.   0.0327272377814025   0.   0.
-2.2283030296312401   0.   0.   0.   0.0328286801918843   0.   0.
-2.2274245027688346   0.   0.   0.   0.0329303275201575   0.   0.
-2.2265459759064292   0.   0.   0.   0.0330321800552243   0.   0.
-2.2256674490440238   0.   0.   0.   0.0331342380864072   0.   0.
-2.2247889221816188   0.   0.   0.   0.0332365019033519   0.   0.
-2.2239103953192134   0.   0.   0.   0.0333389717960243   0.   0.
-2.2230318684568084   0.   0.   0.   0.0334416480547114   0.   0.
-2.2221533415944030   0.   0.   0.   0.0335445309700185   0.   0.
-2.2212748147319976   0.   0.   0.   0.0336476208328696   0.   0.
-2.2203962878695922   0.   0.   0.   0.0337509179345060   0.   0.
-2.2195177610071872   0.   0.   0.   0.0338544225664846   0.   0.
-2.2186392341447818   0.   0.   0.   0.0339581350206808   0.   0.
-2.2177607072823764   0.   0.   0.   0.0340620555892820   0.   0.
-2.2168821804199714   0.   0.   0.   0.0341661845647889   0.   0.
-2.2160036535575660   0.   0.   0.   0.0342705222400166   0.   0.
-2.2151251266951606   0.   0.   0.   0.0343750689080907   0.   0.
-2.2142465998327556   0.   0.   0.   0.0344798248624495   0.   0.
-2.2133680729703502   0.   0.   0.   0.0345847903968404   0.   0.
-2.2124895461079448   0.   0.   0.   0.0346899658053183   0.   0.
-2.2116110192455398   0.   0.   0.   0.0347953513822467   0.   0.
-2.2107324923831344   0.   0.   0.   0.0349009474222972   0.   0.
-2.2098539655207290   0.   0.   0.   0.0350067542204466   0.   0.
-2.2089754386583236   0.   0.   0.   0.0351127720719764   0.   0.
-2.2080969117959186   0.   0.   0.   0.0352190012724723   0.   0.
-2.2072183849335132   0.   0.   0.   0.0353254421178220   0.   0.
-2.2063398580711078   0.   0.   0.   0.0354320949042168   0.   0.
-2.2054613312087028   0.   0.   0.   0.0355389599281471   0.   0.
-2.2045828043462974   0.   0.   0.   0.0356460374864047   0.   0.
-2.2037042774838920   0.   0.   0.   0.0357533278760784   0.   0.
-2.2028257506214866   0.   0.   0.   0.0358608313945558   0.   0.
-2.2019472237590816   0.   0.   0.   0.0359685483395208   0.   0.
-2.2010686968966762   0.   0.   0.   0.0360764790089537   0.   0.
-2.2001901700342712   0.   0.   0.   0.0361846237011259   0.   0.
-2.1993116431718658   0.   0.   0.   0.0362929827146072   0.   0.
-2.1984331163094604   0.   0.   0.   0.0364015563482553   0.   0.
-2.1975545894470550   0.   0.   0.   0.0365103449012217   0.   0.
-2.1966760625846500   0.   0.   0.   0.0366193486729453   0.   0.
-2.1957975357222446   0.   0.   0.   0.0367285679631575   0.   0.
-2.1949190088598396   0.   0.   0.   0.0368380030718735   0.   0.
-2.1940404819974342   0.   0.   0.   0.0369476542993965   0.   0.
-2.1931619551350288   0.   0.   0.   0.0370575219463180   0.   0.
-2.1922834282726233   0.   0.   0.   0.0371676063135092   0.   0.
-2.1914049014102179   0.   0.   0.   0.0372779077021263   0.   0.
-2.1905263745478130   0.   0.   0.   0.0373884264136081   0.   0.
-2.1896478476854075   0.   0.   0.   0.0374991627496728   0.   0.
-2.1887693208230026   0.   0.   0.   0.0376101170123200   0.   0.
-2.1878907939605972   0.   0.   0.   0.0377212895038247   0.   0.
-2.1870122670981917   0.   0.   0.   0.0378326805267424   0.   0.
-2.1861337402357863   0.   0.   0.   0.0379442903839011   0.   0.
-2.1852552133733814   0.   0.   0.   0.0380561193784063   0.   0.
-2.1843766865109759   0.   0.   0.   0.0381681678136342   0.   0.
-2.1834981596485705   0.   0.   0.   0.0382804359932349   0.   0.
-2.1826196327861656   0.   0.   0.   0.0383929242211288   0.   0.
-2.1817411059237601   0.   0.   0.   0.0385056328015063   0.   0.
-2.1808625790613547   0.   0.   0.   0.0386185620388262   0.   0.
-2.1799840521989493   0.   0.   0.   0.0387317122378114   0.   0.
-2.1791055253365443   0.   0.   0.   0.0388450837034563   0.   0.
-2.1782269984741389   0.   0.   0.   0.0389586767410144   0.   0.
-2.1773484716117339   0.   0.   0.   0.0390724916560042   0.   0.
-2.1764699447493285   0.   0.   0.   0.0391865287542063   0.   0.
-2.1755914178869231   0.   0.   0.   0.0393007883416611   0.   0.
-2.1747128910245177   0.   0.   0.   0.0394152707246690   0.   0.
-2.1738343641621127   0.   0.   0.   0.0395299762097860   0.   0.
-2.1729558372997073   0.   0.   0.   0.0396449051038274   0.   0.
-2.1720773104373019   0.   0.   0.   0.0397600577138611   0.   0.
-2.1711987835748969   0.   0.   0.   0.0398754343472089   0.   0.
-2.1703202567124915   0.   0.   0.   0.0399910353114457   0.   0.
-2.1694417298500861   0.   0.   0.   0.0401068609143976   0.   0.
-2.1685632029876807   0.   0.   0.   0.0402229114641378   0.   0.
-2.1676846761252757   0.   0.   0.   0.0403391872689883   0.   0.
-2.1668061492628703   0.   0.   0.   0.0404556886375206   0.   0.
-2.1659276224004649   0.   0.   0.   0.0405724158785461   0.   0.
-2.1650490955380599   0.   0.   0.   0.0406893693011237   0.   0.
-2.1641705686756545   0.   0.   0.   0.0408065492145527   0.   0.
-2.1632920418132491   0.   0.   0.   0.0409239559283742   0.   0.
-2.1624135149508441   0.   0.   0.   0.0410415897523664   0.   0.
-2.1615349880884387   0.   0.   0.   0.0411594509965484   0.   0.
-2.1606564612260333   0.   0.   0.   0.0412775399711716   0.   0.
-2.1597779343636283   0.   0.   0.   0.0413958569867248   0.   0.
-2.1588994075012229   0.   0.   0.   0.0415144023539292   0.   0.
-2.1580208806388175   0.   0.   0.   0.0416331763837380   0.   0.
-2.1571423537764121   0.   0.   0.   0.0417521793873328   0.   0.
-2.1562638269140071   0.   0.   0.   0.0418714116761253   0.   0.
-2.1553853000516017   0.   0.   0.   0.0419908735617536   0.   0.
-2.1545067731891967   0.   0.   0.   0.0421105653560814   0.   0.
-2.1536282463267913   0.   0.   0.   0.0422304873711951   0.   0.
-2.1527497194643859   0.   0.   0.   0.0423506399194051   0.   0.
-2.1518711926019805   0.   0.   0.   0.0424710233132408   0.   0.
-2.1509926657395750   0.   0.   0.   0.0425916378654490   0.   0.
-2.1501141388771701   0.   0.   0.   0.0427124838889976   0.   0.
-2.1492356120147647   0.   0.   0.   0.0428335616970673   0.   0.
-2.1483570851523597   0.   0.   0.   0.0429548716030543   0.   0.
-2.1474785582899543   0.   0.   0.   0.0430764139205654   0.   0.
-2.1466000314275488   0.   0.   0.   0.0431981889634193   0.   0.
-2.1457215045651434   0.   0.   0.   0.0433201970456439   0.   0.
-2.1448429777027385   0.   0.   0.   0.0434424384814719   0.   0.
-2.1439644508403330   0.   0.   0.   0.0435649135853447   0.   0.
-2.1430859239779281   0.   0.   0.   0.0436876226719067   0.   0.
-2.1422073971155227   0.   0.   0.   0.0438105660560013   0.   0.
-2.1413288702531172   0.   0.   0.   0.0439337440526763   0.   0.
-2.1404503433907118   0.   0.   0.   0.0440571569771752   0.   0.
-2.1395718165283064   0.   0.   0.   0.0441808051449412   0.   0.
-2.1386932896659014   0.   0.   0.   0.0443046888716084   0.   0.
-2.1378147628034960   0.   0.   0.   0.0444288084730068   0.   0.
-2.1369362359410911   0.   0.   0.   0.0445531642651591   0.   0.
-2.1360577090786856   0.   0.   0.   0.0446777565642736   0.   0.
-2.1351791822162802   0.   0.   0.   0.0448025856867491   0.   0.
-2.1343006553538748   0.   0.   0.   0.0449276519491708   0.   0.
-2.1334221284914698   0.   0.   0.   0.0450529556683044   0.   0.
-2.1325436016290644   0.   0.   0.   0.0451784971611029   0.   0.
-2.1316650747666590   0.   0.   0.   0.0453042767446951   0.   0.
-2.1307865479042540   0.   0.   0.   0.0454302947363905   0.   0.
-2.1299080210418486   0.   0.   0.   0.0455565514536741   0.   0.
-2.1290294941794432   0.   0.   0.   0.0456830472142079   0.   0.
-2.1281509673170382   0.   0.   0.   0.0458097823358223   0.   0.
-2.1272724404546328   0.   0.   0.   0.0459367571365215   0.   0.
-2.1263939135922274   0.   0.   0.   0.0460639719344793   0.   0.
-2.1255153867298224   0.   0.   0.   0.0461914270480326   0.   0.
-2.1246368598674170   0.   0.   0.   0.0463191227956861   0.   0.
-2.1237583330050116   0.   0.   0.   0.0464470594961075   0.   0.
-2.1228798061426062   0.   0.   0.   0.0465752374681235   0.   0.
-2.1220012792802012   0.   0.   0.   0.0467036570307206   0.   0.
-2.1211227524177958   0.   0.   0.   0.0468323185030431   0.   0.
-2.1202442255553904   0.   0.   0.   0.0469612222043871   0.   0.
-2.1193656986929854   0.   0.   0.   0.0470903684542053   0.   0.
-2.1184871718305800   0.   0.   0.   0.0472197575720983   0.   0.
-2.1176086449681746   0.   0.   0.   0.0473493898778167   0.   0.
-2.1167301181057692   0.   0.   0.   0.0474792656912559   0.   0.
-2.1158515912433642   0.   0.   0.   0.0476093853324570   0.   0.
-2.1149730643809588   0.   0.   0.   0.0477397491216038   0.   0.
-2.1140945375185538   0.   0.   0.   0.0478703573790201   0.   0.
-2.1132160106561484   0.   0.   0.   0.0480012104251652   0.   0.
-2.1123374837937430   0.   0.   0.   0.0481323085806367   0.   0.
-2.1114589569313376   0.   0.   0.   0.0482636521661672   0.   0.
-2.1105804300689321   0.   0.   0.   0.0483952415026166   0.   0.
-2.1097019032065272   0.   0.   0.   0.0485270769109775   0.   0.
-2.1088233763441222   0.   0.   0.   0.0486591587123682   0.   0.
-2.1079448494817168   0.   0.   0.   0.0487914872280311   0.   0.
-2.1070663226193114   0.   0.   0.   0.0489240627793342   0.   0.
-2.1061877957569060   0.   0.   0.   0.0490568856877622   0.   0.
-2.1053092688945005   0.   0.   0.   0.0491899562749192   0.   0.
-2.1044307420320956   0.   0.   0.   0.0493232748625263   0.   0.
-2.1035522151696902   0.   0.   0.   0.0494568417724177   0.   0.
-2.1026736883072852   0.   0.   0.   0.0495906573265363   0.   0.
-2.1017951614448798   0.   0.   0.   0.0497247218469364   0.   0.
-2.1009166345824744   0.   0.   0.   0.0498590356557778   0.   0.
-2.1000381077200689   0.   0.   0.   0.0499935990753267   0.   0.
-2.0991595808576640   0.   0.   0.   0.0501284124279475   0.   0.
-2.0982810539952585   0.   0.   0.   0.0502634760361054   0.   0.
-2.0974025271328531   0.   0.   0.   0.0503987902223631   0.   0.
-2.0965240002704482   0.   0.   0.   0.0505343553093788   0.   0.
-2.0956454734080427   0.   0.   0.   0.0506701716199025   0.   0.
-2.0947669465456373   0.   0.   0.   0.0508062394767708   0.   0.
-2.0938884196832319   0.   0.   0.   0.0509425592029111   0.   0.
-2.0930098928208269   0.   0.   0.   0.0510791311213359   0.   0.
-2.0921313659584215   0.   0.   0.   0.0512159555551364   0.   0.
-2.0912528390960161   0.   0.   0.   0.0513530328274879   0.   0.
-2.0903743122336111   0.   0.   0.   0.0514903632616397   0.   0.
-2.0894957853712057   0.   0.   0.   0.0516279471809175   0.   0.
-2.0886172585088003   0.   0.   0.   0.0517657849087188   0.   0.
-2.0877387316463953   0.   0.   0.   0.0519038767685113   0.   0.
-2.0868602047839899   0.   0.   0.   0.0520422230838286   0.   0.
-2.0859816779215845   0.   0.   0.   0.0521808241782716   0.   0.
-2.0851031510591795   0.   0.   0.   0.0523196803754990   0.   0.
-2.0842246241967741   0.   0.   0.   0.0524587919992313   0.   0.
-2.0833460973343687   0.   0.   0.   0.0525981593732453   0.   0.
-2.0824675704719633   0.   0.   0.   0.0527377828213724   0.   0.
-2.0815890436095583   0.   0.   0.   0.0528776626674932   0.   0.
-2.0807105167471529   0.   0.   0.   0.0530177992355400   0.   0.
-2.0798319898847479   0.   0.   0.   0.0531581928494876   0.   0.
-2.0789534630223425   0.   0.   0.   0.0532988438333571   0.   0.
-2.0780749361599371   0.   0.   0.   0.0534397525112079   0.   0.
-2.0771964092975317   0.   0.   0.   0.0535809192071380   0.   0.
-2.0763178824351267   0.   0.   0.   0.0537223442452804   0.   0.
-2.0754393555727213   0.   0.   0.   0.0538640279497991   0.   0.
-2.0745608287103159   0.   0.   0.   0.0540059706448896   0.   0.
-2.0736823018479109   0.   0.   0.   0.0541481726547733   0.   0.
-2.0728037749855055   0.   0.   0.   0.0542906343036930   0.   0.
-2.0719252481231001   0.   0.   0.   0.0544333559159160   0.   0.
-2.0710467212606947   0.   0.   0.   0.0545763378157241   0.   0.
-2.0701681943982897   0.   0.   0.   0.0547195803274173   0.   0.
-2.0692896675358843   0.   0.   0.   0.0548630837753051   0.   0.
-2.0684111406734793   0.   0.   0.   0.0550068484837080   0.   0.
-2.0675326138110739   0.   0.   0.   0.0551508747769526   0.   0.
-2.0666540869486685   0.   0.   0.   0.0552951629793693   0.   0.
-2.0657755600862631   0.   0.   0.   0.0554397134152860   0.   0.
-2.0648970332238576   0.   0.   0.   0.0555845264090341   0.   0.
-2.0640185063614527   0.   0.   0.   0.0557296022849327   0.   0.
-2.0631399794990473   0.   0.   0.   0.0558749413672965   0.   0.
-2.0622614526366423   0.   0.   0.   0.0560205439804271   0.   0.
-2.0613829257742369   0.   0.   0.   0.0561664104486116   0.   0.
-2.0605043989118315   0.   0.   0.   0.0563125410961198   0.   0.
-2.0596258720494260   0.   0.   0.   0.0564589362472009   0.   0.
-2.0587473451870211   0.   0.   0.   0.0566055962260787   0.   0.
-2.0578688183246157   0.   0.   0.   0.0567525213569510   0.   0.
-2.0569902914622107   0.   0.   0.   0.0568997119639857   0.   0.
-2.0561117645998053   0.   0.   0.   0.0570471683713165   0.   0.
-2.0552332377373999   0.   0.   0.   0.0571948909030408   0.   0.
-2.0543547108749944   0.   0.   0.   0.0573428798832165   0.   0.
-2.0534761840125890   0.   0.   0.   0.0574911356358574   0.   0.
-2.0525976571501841   0.   0.   0.   0.0576396584849332   0.   0.
-2.0517191302877786   0.   0.   0.   0.0577884487543617   0.   0.
-2.0508406034253737   0.   0.   0.   0.0579375067680098   0.   0.
-2.0499620765629682   0.   0.   0.   0.0580868328496874   0.   0.
-2.0490835497005628   0.   0.   0.   0.0582364273231457   0.   0.
-2.0482050228381574   0.   0.   0.   0.0583862905120716   0.   0.
-2.0473264959757524   0.   0.   0.   0.0585364227400888   0.   0.
-2.0464479691133470   0.   0.   0.   0.0586868243307483   0.   0.
-2.0455694422509416   0.   0.   0.   0.0588374956075306   0.   0.
-2.0446909153885366   0.   0.   0.   0.0589884368938395   0.   0.
-2.0438123885261312   0.   0.   0.   0.0591396485129975   0.   0.
-2.0429338616637258   0.   0.   0.   0.0592911307882477   0.   0.
-2.0420553348013208   0.   0.   0.   0.0594428840427424   0.   0.
-2.0411768079389154   0.   0.   0.   0.0595949085995472   0.   0.
-2.0402982810765100   0.   0.   0.   0.0597472047816304   0.   0.
-2.0394197542141050   0.   0.   0.   0.0598997729118692   0.   0.
-2.0385412273516996   0.   0.   0.   0.0600526133130329   0.   0.
-2.0376627004892942   0.   0.   0.   0.0602057263077926   0.   0.
-2.0367841736268888   0.   0.   0.   0.0603591122187085   0.   0.
-2.0359056467644838   0.   0.   0.   0.0605127713682293   0.   0.
-2.0350271199020784   0.   0.   0.   0.0606667040786920   0.   0.
-2.0341485930396730   0.   0.   0.   0.0608209106723104   0.   0.
-2.0332700661772680   0.   0.   0.   0.0609753914711788   0.   0.
-2.0323915393148626   0.   0.   0.   0.0611301467972650   0.   0.
-2.0315130124524572   0.   0.   0.   0.0612851769724051   0.   0.
-2.0306344855900518   0.   0.   0.   0.0614404823183069   0.   0.
-2.0297559587276468   0.   0.   0.   0.0615960631565345   0.   0.
-2.0288774318652414   0.   0.   0.   0.0617519198085158   0.   0.
-2.0279989050028364   0.   0.   0.   0.0619080525955319   0.   0.
-2.0271203781404310   0.   0.   0.   0.0620644618387152   0.   0.
-2.0262418512780256   0.   0.   0.   0.0622211478590480   0.   0.
-2.0253633244156202   0.   0.   0.   0.0623781109773516   0.   0.
-2.0244847975532148   0.   0.   0.   0.0625353515142918   0.   0.
-2.0236062706908098   0.   0.   0.   0.0626928697903689   0.   0.
-2.0227277438284048   0.   0.   0.   0.0628506661259156   0.   0.
-2.0218492169659994   0.   0.   0.   0.0630087408410895   0.   0.
-2.0209706901035940   0.   0.   0.   0.0631670942558778   0.   0.
-2.0200921632411886   0.   0.   0.   0.0633257266900831   0.   0.
-2.0192136363787831   0.   0.   0.   0.0634846384633265   0.   0.
-2.0183351095163782   0.   0.   0.   0.0636438298950403   0.   0.
-2.0174565826539728   0.   0.   0.   0.0638033013044664   0.   0.
-2.0165780557915678   0.   0.   0.   0.0639630530106484   0.   0.
-2.0156995289291624   0.   0.   0.   0.0641230853324322   0.   0.
-2.0148210020667570   0.   0.   0.   0.0642833985884569   0.   0.
-2.0139424752043515   0.   0.   0.   0.0644439930971549   0.   0.
-2.0130639483419466   0.   0.   0.   0.0646048691767448   0.   0.
-2.0121854214795412   0.   0.   0.   0.0647660271452320   0.   0.
-2.0113068946171357   0.   0.   0.   0.0649274673203956   0.   0.
-2.0104283677547308   0.   0.   0.   0.0650891900197923   0.   0.
-2.0095498408923254   0.   0.   0.   0.0652511955607501   0.   0.
-2.0086713140299199   0.   0.   0.   0.0654134842603639   0.   0.
-2.0077927871675145   0.   0.   0.   0.0655760564354864   0.   0.
-2.0069142603051096   0.   0.   0.   0.0657389124027318   0.   0.
-2.0060357334427041   0.   0.   0.   0.0659020524784681   0.   0.
-2.0051572065802987   0.   0.   0.   0.0660654769788084   0.   0.
-2.0042786797178938   0.   0.   0.   0.0662291862196121   0.   0.
-2.0034001528554883   0.   0.   0.   0.0663931805164811   0.   0.
-2.0025216259930829   0.   0.   0.   0.0665574601847501   0.   0.
-2.0016430991306779   0.   0.   0.   0.0667220255394851   0.   0.
-2.0007645722682725   0.   0.   0.   0.0668868768954818   0.   0.
-1.9998860454058671   0.   0.   0.   0.0670520145672534   0.   0.
-1.9990075185434621   0.   0.   0.   0.0672174388690343   0.   0.
-1.9981289916810567   0.   0.   0.   0.0673831501147719   0.   0.
-1.9972504648186513   0.   0.   0.   0.0675491486181178   0.   0.
-1.9963719379562461   0.   0.   0.   0.0677154346924344   0.   0.
-1.9954934110938409   0.   0.   0.   0.0678820086507777   0.   0.
-1.9946148842314355   0.   0.   0.   0.0680488708058997   0.   0.
-1.9937363573690303   0.   0.   0.   0.0682160214702431   0.   0.
-1.9928578305066251   0.   0.   0.   0.0683834609559358   0.   0.
-1.9919793036442197   0.   0.   0.   0.0685511895747851   0.   0.
-1.9911007767818143   0.   0.   0.   0.0687192076382748   0.   0.
-1.9902222499194091   0.   0.   0.   0.0688875154575581   0.   0.
-1.9893437230570039   0.   0.   0.   0.0690561133434569   0.   0.
-1.9884651961945985   0.   0.   0.   0.0692250016064497   0.   0.
-1.9875866693321933   0.   0.   0.   0.0693941805566760   0.   0.
-1.9867081424697881   0.   0.   0.   0.0695636505039263   0.   0.
-1.9858296156073827   0.   0.   0.   0.0697334117576328   0.   0.
-1.9849510887449775   0.   0.   0.   0.0699034646268749   0.   0.
-1.9840725618825723   0.   0.   0.   0.0700738094203659   0.   0.
-1.9831940350201669   0.   0.   0.   0.0702444464464493   0.   0.
-1.9823155081577617   0.   0.   0.   0.0704153760130973   0.   0.
-1.9814369812953563   0.   0.   0.   0.0705865984279037   0.   0.
-1.9805584544329511   0.   0.   0.   0.0707581139980770   0.   0.
-1.9796799275705459   0.   0.   0.   0.0709299230304372   0.   0.
-1.9788014007081405   0.   0.   0.   0.0711020258314121   0.   0.
-1.9779228738457353   0.   0.   0.   0.0712744227070286   0.   0.
-1.9770443469833299   0.   0.   0.   0.0714471139629105   0.   0.
-1.9761658201209247   0.   0.   0.   0.0716200999042700   0.   0.
-1.9752872932585195   0.   0.   0.   0.0717933808359088   0.   0.
-1.9744087663961141   0.   0.   0.   0.0719669570622054   0.   0.
-1.9735302395337089   0.   0.   0.   0.0721408288871111   0.   0.
-1.9726517126713037   0.   0.   0.   0.0723149966141507   0.   0.
-1.9717731858088983   0.   0.   0.   0.0724894605464124   0.   0.
-1.9708946589464929   0.   0.   0.   0.0726642209865408   0.   0.
-1.9700161320840879   0.   0.   0.   0.0728392782367339   0.   0.
-1.9691376052216825   0.   0.   0.   0.0730146325987400   0.   0.
-1.9682590783592770   0.   0.   0.   0.0731902843738476   0.   0.
-1.9673805514968721   0.   0.   0.   0.0733662338628813   0.   0.
-1.9665020246344667   0.   0.   0.   0.0735424813661998   0.   0.
-1.9656234977720612   0.   0.   0.   0.0737190271836855   0.   0.
-1.9647449709096561   0.   0.   0.   0.0738958716147395   0.   0.
-1.9638664440472509   0.   0.   0.   0.0740730149582804   0.   0.
-1.9629879171848454   0.   0.   0.   0.0742504575127329   0.   0.
-1.9621093903224400   0.   0.   0.   0.0744281995760275   0.   0.
-1.9612308634600351   0.   0.   0.   0.0746062414455897   0.   0.
-1.9603523365976296   0.   0.   0.   0.0747845834183393   0.   0.
-1.9594738097352242   0.   0.   0.   0.0749632257906788   0.   0.
-1.9585952828728193   0.   0.   0.   0.0751421688584919   0.   0.
-1.9577167560104138   0.   0.   0.   0.0753214129171391   0.   0.
-1.9568382291480084   0.   0.   0.   0.0755009582614453   0.   0.
-1.9559597022856035   0.   0.   0.   0.0756808051857019   0.   0.
-1.9550811754231980   0.   0.   0.   0.0758609539836541   0.   0.
-1.9542026485607926   0.   0.   0.   0.0760414049484987   0.   0.
-1.9533241216983874   0.   0.   0.   0.0762221583728763   0.   0.
-1.9524455948359822   0.   0.   0.   0.0764032145488690   0.   0.
-1.9515670679735768   0.   0.   0.   0.0765845737679880   0.   0.
-1.9506885411111716   0.   0.   0.   0.0767662363211729   0.   0.
-1.9498100142487664   0.   0.   0.   0.0769482024987844   0.   0.
-1.9489314873863610   0.   0.   0.   0.0771304725905952   0.   0.
-1.9480529605239556   0.   0.   0.   0.0773130468857882   0.   0.
-1.9471744336615504   0.   0.   0.   0.0774959256729472   0.   0.
-1.9462959067991452   0.   0.   0.   0.0776791092400532   0.   0.
-1.9454173799367398   0.   0.   0.   0.0778625978744739   0.   0.
-1.9445388530743346   0.   0.   0.   0.0780463918629620   0.   0.
-1.9436603262119294   0.   0.   0.   0.0782304914916470   0.   0.
-1.9427817993495240   0.   0.   0.   0.0784148970460285   0.   0.
-1.9419032724871188   0.   0.   0.   0.0785996088109704   0.   0.
-1.9410247456247136   0.   0.   0.   0.0787846270706923   0.   0.
-1.9401462187623082   0.   0.   0.   0.0789699521087685   0.   0.
-1.9392676918999030   0.   0.   0.   0.0791555842081146   0.   0.
-1.9383891650374976   0.   0.   0.   0.0793415236509873   0.   0.
-1.9375106381750924   0.   0.   0.   0.0795277707189712   0.   0.
-1.9366321113126872   0.   0.   0.   0.0797143256929794   0.   0.
-1.9357535844502818   0.   0.   0.   0.0799011888532407   0.   0.
-1.9348750575878766   0.   0.   0.   0.0800883604792978   0.   0.
-1.9339965307254712   0.   0.   0.   0.0802758408499978   0.   0.
-1.9331180038630660   0.   0.   0.   0.0804636302434830   0.   0.
-1.9322394770006608   0.   0.   0.   0.0806517289371902   0.   0.
-1.9313609501382554   0.   0.   0.   0.0808401372078416   0.   0.
-1.9304824232758502   0.   0.   0.   0.0810288553314351   0.   0.
-1.9296038964134450   0.   0.   0.   0.0812178835832387   0.   0.
-1.9287253695510396   0.   0.   0.   0.0814072222377884   0.   0.
-1.9278468426886342   0.   0.   0.   0.0815968715688749   0.   0.
-1.9269683158262292   0.   0.   0.   0.0817868318495365   0.   0.
-1.9260897889638238   0.   0.   0.   0.0819771033520585   0.   0.
-1.9252112621014184   0.   0.   0.   0.0821676863479610   0.   0.
-1.9243327352390134   0.   0.   0.   0.0823585811079924   0.   0.
-1.9234542083766080   0.   0.   0.   0.0825497879021236   0.   0.
-1.9225756815142026   0.   0.   0.   0.0827413069995388   0.   0.
-1.9216971546517974   0.   0.   0.   0.0829331386686330   0.   0.
-1.9208186277893922   0.   0.   0.   0.0831252831769978   0.   0.
-1.9199401009269867   0.   0.   0.   0.0833177407914185   0.   0.
-1.9190615740645813   0.   0.   0.   0.0835105117778686   0.   0.
-1.9181830472021764   0.   0.   0.   0.0837035964014967   0.   0.
-1.9173045203397709   0.   0.   0.   0.0838969949266253   0.   0.
-1.9164259934773655   0.   0.   0.   0.0840907076167369   0.   0.
-1.9155474666149606   0.   0.   0.   0.0842847347344746   0.   0.
-1.9146689397525551   0.   0.   0.   0.0844790765416252   0.   0.
-1.9137904128901497   0.   0.   0.   0.0846737332991204   0.   0.
-1.9129118860277445   0.   0.   0.   0.0848687052670237   0.   0.
-1.9120333591653393   0.   0.   0.   0.0850639927045249   0.   0.
-1.9111548323029339   0.   0.   0.   0.0852595958699319   0.   0.
-1.9102763054405287   0.   0.   0.   0.0854555150206632   0.   0.
-1.9093977785781235   0.   0.   0.   0.0856517504132398   0.   0.
-1.9085192517157181   0.   0.   0.   0.0858483023032791   0.   0.
-1.9076407248533129   0.   0.   0.   0.0860451709454832   0.   0.
-1.9067621979909077   0.   0.   0.   0.0862423565936377   0.   0.
-1.9058836711285023   0.   0.   0.   0.0864398595005956   0.   0.
-1.9050051442660969   0.   0.   0.   0.0866376799182760   0.   0.
-1.9041266174036917   0.   0.   0.   0.0868358180976526   0.   0.
-1.9032480905412865   0.   0.   0.   0.0870342742887480   0.   0.
-1.9023695636788811   0.   0.   0.   0.0872330487406235   0.   0.
-1.9014910368164759   0.   0.   0.   0.0874321417013729   0.   0.
-1.9006125099540707   0.   0.   0.   0.0876315534181117   0.   0.
-1.8997339830916653   0.   0.   0.   0.0878312841369719   0.   0.
-1.8988554562292601   0.   0.   0.   0.0880313341030944   0.   0.
-1.8979769293668549   0.   0.   0.   0.0882317035606139   0.   0.
-1.8970984025044495   0.   0.   0.   0.0884323927526629   0.   0.
-1.8962198756420443   0.   0.   0.   0.0886334019213504   0.   0.
-1.8953413487796389   0.   0.   0.   0.0888347313077593   0.   0.
-1.8944628219172337   0.   0.   0.   0.0890363811519450   0.   0.
-1.8935842950548285   0.   0.   0.   0.0892383516929098   0.   0.
-1.8927057681924231   0.   0.   0.   0.0894406431686127   0.   0.
-1.8918272413300179   0.   0.   0.   0.0896432558159496   0.   0.
-1.8909487144676125   0.   0.   0.   0.0898461898707466   0.   0.
-1.8900701876052073   0.   0.   0.   0.0900494455677556   0.   0.
-1.8891916607428021   0.   0.   0.   0.0902530231406402   0.   0.
-1.8883131338803967   0.   0.   0.   0.0904569228219722   0.   0.
-1.8874346070179915   0.   0.   0.   0.0906611448432161   0.   0.
-1.8865560801555863   0.   0.   0.   0.0908656894347296   0.   0.
-1.8856775532931809   0.   0.   0.   0.0910705568257446   0.   0.
-1.8847990264307755   0.   0.   0.   0.0912757472443659   0.   0.
-1.8839204995683705   0.   0.   0.   0.0914812609175614   0.   0.
-1.8830419727059651   0.   0.   0.   0.0916870980711460   0.   0.
-1.8821634458435597   0.   0.   0.   0.0918932589297825   0.   0.
-1.8812849189811547   0.   0.   0.   0.0920997437169672   0.   0.
-1.8804063921187493   0.   0.   0.   0.0923065526550208   0.   0.
-1.8795278652563439   0.   0.   0.   0.0925136859650810   0.   0.
-1.8786493383939387   0.   0.   0.   0.0927211438670916   0.   0.
-1.8777708115315335   0.   0.   0.   0.0929289265797929   0.   0.
-1.8768922846691281   0.   0.   0.   0.0931370343207169   0.   0.
-1.8760137578067226   0.   0.   0.   0.0933454673061732   0.   0.
-1.8751352309443177   0.   0.   0.   0.0935542257512385   0.   0.
-1.8742567040819123   0.   0.   0.   0.0937633098697533   0.   0.
-1.8733781772195068   0.   0.   0.   0.0939727198743090   0.   0.
-1.8724996503571019   0.   0.   0.   0.0941824559762350   0.   0.
-1.8716211234946964   0.   0.   0.   0.0943925183855944   0.   0.
-1.8707425966322910   0.   0.   0.   0.0946029073111744   0.   0.
-1.8698640697698858   0.   0.   0.   0.0948136229604709   0.   0.
-1.8689855429074806   0.   0.   0.   0.0950246655396866   0.   0.
-1.8681070160450752   0.   0.   0.   0.0952360352537134   0.   0.
-1.8672284891826700   0.   0.   0.   0.0954477323061293   0.   0.
-1.8663499623202648   0.   0.   0.   0.0956597568991852   0.   0.
-1.8654714354578594   0.   0.   0.   0.0958721092337940   0.   0.
-1.8645929085954542   0.   0.   0.   0.0960847895095245   0.   0.
-1.8637143817330490   0.   0.   0.   0.0962977979245874   0.   0.
-1.8628358548706436   0.   0.   0.   0.0965111346758286   0.   0.
